12816604932
12816604933
12816604934
12816604935
12816604936
12816604937
12816604938
12816604939
12816604940
12816604941
12816604942
12816604943
12816604944
12816604945
12816604946
12816604947
12816604948
12816604949
12816604950
12816604951
12816604952
12816604953
12816604954
12816604955
12816604956
12816604957
12816604958
12816604959
12816604960
12816604961
12816604962
12816604963
12816604964
12816604965
12816604966
12816604967
12816604968
12816604969
12816604970
12816604971
12816604972
12816604973
