99999999999
88888888888
15612180001
15612180002
15612180003
15612180004
15612180005
15612180006
99999999999
88888888888
15612180001
15612180002
15612180003
15612180004
15612180005
15612180006
99999999999
88888888888
15612180001
15612180002
15612180003
15612180004
15612180005
15612180006
99999999999
88888888888
15612180001
15612180002
15612180003
15612180004
15612180005
15612180006
99999999999
88888888888
15612180001
15612180002
15612180003
15612180004
15612180005
15612180006
99999999999
88888888888
15612180001
15612180002
15612180003
15612180004
15612180005
15612180006
99999999999
88888888888
15612180001
15612180002
15612180003
15612180004
15612180005
15612180006
99999999999
88888888888
15612180001
15612180002
15612180003
15612180004
15612180005
15612180006
99999999999
88888888888
15612180001
15612180002
15612180003
15612180004
15612180005
15612180006
99999999999
88888888888
15612180001
15612180002
15612180003
15612180004
15612180005
15612180006
99999999999
88888888888
15612180001
15612180002
15612180003
15612180004
15612180005
15612180006
99999999999
88888888888
15612180001
15612180002
15612180003
15612180004
15612180005
15612180006
99999999999
88888888888
15612180001
15612180002
15612180003
15612180004
15612180005
15612180006
99999999999
88888888888
15612180001
15612180002
15612180003
15612180004
15612180005
15612180006
99999999999
88888888888
15612180001
15612180002
15612180003
15612180004
15612180005
15612180006
99999999999
88888888888
15612180001
15612180002
15612180003
15612180004
15612180005
15612180006
99999999999
88888888888
15612180001
15612180002
15612180003
15612180004
15612180005
15612180006
99999999999
88888888888
15612180001
15612180002
15612180003
15612180004
15612180005
15612180006
99999999999
88888888888
15612180001
15612180002
15612180003
15612180004
15612180005
15612180006
99999999999
88888888888
15612180001
15612180002
15612180003
15612180004
15612180005
15612180006
99999999999
88888888888
15612180001
15612180002
15612180003
15612180004
15612180005
15612180006
